1.322258878383649403e+02
-7.767905333652031175e+01
1.005188711478646013e+02
3.071985851527630018e+01
3.185584662914426346e+01
1.790269017139944481e+02
5.500024178732913072e+01
-9.665299435411452578e+01
-9.512653773644342436e+01
6.051913766225080593e+00
4.131308147535761321e+01
-8.316167934215479285e-02
3.291640108230495798e+01
1.350932309540577023e+02
-5.850316262246190746e+01
-2.010708342635007995e+01
-1.063252808482025955e+02
-4.000426130455140949e+00
2.857123989877659298e+01
-1.111798759517992465e+02
-9.655981690844521736e+00
1.784454458208927008e+02
1.034870817279151112e+02
1.046061504866876106e+02
9.598374303068057145e+01
-2.782478327046591104e+01
-1.966818912545179643e+01
2.571469893524607642e+01
3.613943998027151849e+01
-2.117646080205947356e+01
-5.449244948022833768e+01
4.025008502093587737e+01
-1.798750588257408189e+00
-1.279338438251023291e+02
-4.609087462416592729e+01
7.028061815437966686e+01
-6.759926933427628626e+01
6.839207716811050375e+01
-1.559735758909967842e+02
4.179028088648402672e+01
-4.872627621458898517e+01
2.687037385219930030e+01
-5.406611433895998076e+00
6.736497904064542297e+01
-9.520613179110537772e+01
-8.675179160507315146e+01
-9.838728394583535319e+00
-6.141104462078553894e+01
-5.772228985805725188e+01
-1.851209326794681331e+01
-1.816349763969909503e+01
-1.829784566188473889e+02
-9.031817227535556469e+01
8.786243267701199500e+01
-5.781877331129942377e+01
1.129827363236670479e+01
1.997438584952924856e+01
-5.674534108017118683e+01
1.612906274252931382e+02
1.865633282403396720e+01
9.119330152860266026e+01
7.680600448224322463e+01
-1.676746577164064718e+02
4.000846599536316717e+01
-3.135514927559034959e+01
-5.467534858494324368e+01
-2.216571515715906671e+01
-1.451422460164794614e+01
2.289530438424920078e+01
-7.219995182507810227e+01
-5.821142859220433508e+01
-9.075294847507517204e+01
9.400412652703929339e+00
-2.232185131260901656e+01
4.271221559069498852e+01
1.322002347820283887e+02
-7.978498353323948322e+01
-7.015657797833912923e+01
9.857141253369120193e+01
-7.037593446651780482e+01
9.341810930447739736e+01
4.827362462827881728e+01
1.130218515773861583e+02
-6.377359955136741121e+01
1.399020980079099630e+01
-1.217405722059905671e+01
-6.517975530827466457e+01
-1.975309785538159701e+02
-8.810474199476294643e+01
-4.954738908667381203e+00
3.994230109882540347e+01
-1.566893541535027907e+02
5.524683669096126692e+01
-1.149768184292639432e+02
-1.219355586972732794e+02
4.522763365471461583e+01
-1.700135531322998759e+02
4.443056777116860445e+01
-1.264395323219065581e+01
-7.247351845076233090e-02
