-5.790261054118540640e-01 1.619653800350856487e+00 -2.216312507751524996e-01
1.523679235352516592e+00 -9.358354080885000759e-01 -1.732325180237050677e-01
1.153898309423843971e+00 1.189171585126780561e+00 -5.064205408908652867e-02
-1.267645563372312489e+00 4.006998694223158353e-01 6.329888351512522049e-02
-3.345839234624187197e-01 4.291303860295572203e-01 3.808472071993511676e-01
-7.166332107860398093e-01 2.188938059598328323e+00 2.273576863536497794e-01
1.315036913092122728e-01 6.290652195945849456e-01 -1.025358648707469789e-01
-1.703605896336942913e-02 -1.218219745684836930e+00 -2.038055349414948647e-01
-6.331907301968021651e-01 -1.151251885710481648e+00 -4.523859083987615687e-02
-1.563956254173177074e+00 1.190280092808039120e-01 4.102494515753813964e-01
-7.031105302430272763e-01 5.292747246158510110e-01 3.564647243646792973e-01
2.009924952505674489e-01 8.320839003890375882e-03 4.492576566403899685e-02
1.163077271975043070e+00 3.638877261375623728e-01 -6.931378144651441087e-01
6.144653178930203907e-02 1.699540414648740727e+00 2.560406533301391452e-01
3.529309520568219560e-01 -7.181847666953168341e-01 -1.252284469560729918e-01
-5.570292632558548895e-01 -2.587720657439955274e-01 -5.394194233484735923e-01
6.547932602758006482e-01 -1.318010681378084081e+00 -2.262374852854020790e-01
5.478257140119235924e-01 -7.196265075554623622e-03 -9.422673308502046985e-02
9.062475874598163728e-01 3.221893499701827812e-01 1.405035669027207036e-02
7.468576449343307389e-02 -1.337464546233641416e+00 -3.011544982581305097e-01
-9.462737643503449370e-01 -1.060190542481942305e-01 5.751044678916810565e-02
-2.889768435336296237e-01 2.245090025695478442e+00 3.755678250537736185e-02
-1.591453534462198061e+00 1.275686179470240988e+00 2.358457909801895125e-01
-1.936942037679702411e+00 1.347767626898307647e+00 -7.625273101803766926e-03
-3.019980600335040941e-02 1.186398097165212606e+00 4.913467725592637336e-01
2.827931920543909072e-01 -3.648467289927483925e-01 2.250572679674436027e-01
-5.131975779717476982e-01 -2.785104677429285913e-01 -1.522267038805008299e-01
-8.389730362583298628e-01 3.602126311856834184e-01 1.621553183629123318e-01
-2.114547345230577413e+00 4.627133595296894497e-01 5.156409668362951781e-02
-2.213922536943393748e-01 -2.568361104735890077e-01 -2.234980781083607468e-02
-5.550932456580922603e-01 -6.199361875091981000e-01 2.573925566759919376e-02
-4.384417979119525355e-01 4.967536994717865473e-01 -4.568053670433785962e-02
-1.012518727278735042e+00 -3.963800124502777494e-02 1.012176594287606812e-01
-8.425851855674136581e-02 -1.581733588778217792e+00 1.518240308033961539e-01
-2.202826588215317238e-01 -6.085387590073403352e-01 4.759925680937617809e-01
-2.056186989952490385e-01 8.935545705210544698e-01 -3.749851819302508354e-02
6.660494623129458169e-01 -8.087533969662901168e-01 2.887696872833795531e-02
1.734021951633568093e-01 8.622466993771376043e-01 -3.793968808697056883e-01
2.044594572431793489e-01 -1.929516718680342580e+00 -6.110556205531734487e-03
4.018986218754317941e-01 4.829740780668033695e-01 -3.223485310253063757e-02
9.795474188152093475e-01 -5.697586450264390256e-01 3.066965355269983262e-01
9.697649611145918724e-01 3.495754698175423392e-01 -1.936335302598806707e-01
-1.036217913667045298e+00 -5.984733024291313125e-02 -4.306292094924452640e-01
-1.656514577854101944e+00 8.166798207410607136e-01 -2.212825467600111617e-01
-1.732535197812621108e+00 -1.154080891253077112e+00 1.530934095477686496e-01
3.318687278139998420e-01 -1.028037372154608775e+00 1.889830087276969661e-01
-3.728710529125569551e-01 -1.297287525240445882e-01 2.015084373006219287e-01
9.796223063461219072e-01 -7.639398370768338831e-01 5.140782082312854717e-01
-1.368307960939995960e+00 -7.449062208823441500e-01 -1.948211403606148195e-02
-1.998380445586993348e+00 -2.287138476756155336e-01 2.023103277348241857e-01
-2.442945165667612384e-01 -1.984659245634451952e-01 1.016099026464238053e-01
-4.916830883549337949e-01 -2.272160995991039822e+00 1.375454521220816906e-01
-1.181290759719418881e+00 -1.134382527315954015e+00 7.003537507802319595e-02
-1.443746826735271993e+00 1.009968979765965669e+00 1.231731116529478642e-01
-1.813496116999030683e+00 -6.806619990448180557e-01 -1.281556643826864406e-01
-3.147250021908923334e-02 1.193551382345664769e-01 -5.151565266973250345e-01
1.172087805561085716e+00 2.138822913848675566e-01 -1.903565570441445032e-01
-8.958374746426448279e-03 -6.921963702081747050e-01 3.833630434269321152e-01
-5.541131227053357478e-01 1.992861962085060501e+00 1.725181311941140772e-01
-4.296161276480919833e-01 2.211553236228251673e-01 -3.561240618146047088e-01
-2.959182982807022078e-01 1.133720192910785407e+00 -5.442245895333689548e-02
-1.452780834972035695e+00 9.383728821784279583e-01 -2.548199859918843235e-01
-1.086264997919632741e-01 -2.012244158861745458e+00 -2.721275439731936641e-01
1.444289216735732406e+00 4.944663155723429959e-01 6.093101221745648166e-01
7.285829225335258563e-01 -3.711791067410935563e-01 -3.068921072776076286e-01
3.057132878614802207e-01 -6.442699264399085468e-01 9.322803042168784637e-01
3.317116485816283822e-01 -2.632401107887570313e-01 -5.946212561011304798e-01
5.145931587292016385e-01 -1.245201862732479986e-01 2.026323285266003471e-01
6.712151228718207796e-02 2.800827569367935199e-01 1.099822470262536676e-02
-1.055574175616266902e-01 -8.706414554458747901e-01 -1.844436197441188252e-01
-5.619855965495487160e-01 -7.111259388023871697e-01 -4.577808889645865187e-02
3.968239302286785675e-01 -1.122115262976145944e+00 -2.403551938155664910e-02
1.815141241284308204e+00 8.056586106473402620e-02 3.969868359643808492e-02
-5.683071306422973201e-01 -2.654376602628367721e-01 -3.894464587598439609e-01
-1.275943327277098360e+00 5.243335709472803918e-01 -2.838573556009041376e-01
1.809334740104674988e-01 1.597480306733946920e+00 -5.530841408541176119e-01
-1.335357172927233549e+00 -9.547901093331916389e-01 1.568542515902441314e-01
-5.396383178505927969e-01 -8.469283209909149734e-01 2.160022065053027740e-01
-1.489623759970276906e-01 1.215002173002024399e+00 3.398236437169960267e-01
-1.067023966062878415e+00 -8.537270592973272842e-01 9.087586770368773215e-02
1.479229269788816969e+00 1.116700570672298554e+00 -8.934933625966308413e-02
-4.069267127141736329e-01 5.907361601192681055e-01 -3.936646322461063718e-01
-9.635217885891379508e-01 1.395576526371034909e+00 2.962238503194120631e-01
1.320179721632287029e+00 -8.512494077141924409e-01 3.788538455933616045e-01
-4.163988044419984491e-01 2.011556082369434229e-01 1.219618873338717407e-01
9.193675823632242450e-01 -1.548141753264186127e-01 3.299493178097503976e-01
-8.319280371696473608e-01 -8.079111574680805097e-01 -3.391617560940780596e-01
-5.652058149024371536e-01 -2.513955681570085865e+00 3.939620761754306644e-01
-1.898579845256721244e-01 -1.085997862040754436e+00 -1.044811619294054861e-01
-8.708200473016373122e-01 -2.189612558400895470e-02 -4.785315813473534075e-01
-6.971178050420862027e-02 4.594906418242724611e-01 -8.726393669990566149e-02
4.212290209222908643e-01 -1.921064052350466067e+00 -8.462156125798101503e-01
-2.873094318401497316e-01 6.525333461170498284e-01 3.368034082085593073e-01
8.318341149843953009e-01 -1.440164133232989974e+00 -7.255926817876157120e-02
3.535860870705925807e-02 -1.501447185899404513e+00 1.108034193090662867e-01
-1.678687529021792857e-01 5.670654242243287069e-01 4.054242380439020133e-02
2.248808437558158957e+00 -2.080551830468218011e+00 2.258575116616959033e-01
1.132478370859552497e+00 5.348483745077999840e-01 5.038683671981632889e-02
-6.483968508149910992e-01 -1.908573724697045226e-01 -1.250094196607549613e-01
8.687543587026819170e-01 2.089079894402519344e-02 9.774568980217229752e-02
