-7.067477899945593833e+00 1.961723357155811032e+00
-7.872127618698746332e+00 2.408990615368251209e+00
-8.533240025711236854e+00 1.750288038084721665e+00
-7.452453248142550279e+00 2.119174087516884963e+00
-6.731340528504250464e+00 1.872109458097433787e+00
-8.222328165311949988e+00 1.736521991259526665e+00
-7.691888403605856794e+00 2.100915942506736300e+00
-6.583728847788451688e+00 1.981772926326866191e+00
-7.671686390522135746e+00 2.623421693187187653e+00
-7.752898952875888483e+00 2.459134277715538275e+00
-7.501455354229332961e+00 2.599933296913276681e+00
-8.402847757402710727e+00 2.585255492407079192e+00
-7.768050494524926464e+00 2.274920078256625899e+00
-7.892237739961120546e+00 3.010855150485624243e+00
-8.722443237750683309e+00 2.880989278742715154e+00
-8.038412232805518087e+00 2.945823352887607882e+00
-7.088300690577686858e+00 2.688825043980977103e+00
-7.284843681029570917e+00 3.314477139694723462e+00
-7.996386507271135535e+00 1.890696016825420100e+00
-8.026855745296353817e+00 2.643905212268064631e+00
-8.348489344329848905e+00 2.686914219195008613e+00
-7.843128763587758456e+00 1.647474252911975023e+00
-8.237709120982604105e+00 1.782943904079921982e+00
-8.441929963134613857e+00 2.438395168426406023e+00
-7.273013239982886624e+00 2.660667504226343016e+00
-8.012150696767912805e+00 2.335296292027395637e+00
-7.696305829736644455e+00 2.527096739410890081e+00
-7.476477592665765393e+00 2.226470551835150413e+00
-8.628080121874477371e+00 2.098040763630212080e+00
-7.643470432135694104e+00 1.833944463584131324e+00
-7.833496455173912132e+00 1.531718210584237738e+00
-7.859461395755715785e+00 2.434265156669860097e+00
-6.654378886602438925e+00 1.674976158189489084e+00
-7.710895707339246563e+00 1.700596260570357732e+00
-7.745191766687717028e+00 2.069464745023030794e+00
-7.282462591154755138e+00 2.668390574784831326e+00
-7.617499593355371523e+00 2.124084775537460335e+00
-7.105674455896098252e+00 2.271226611021217145e+00
-6.940687863387678291e+00 1.364314775775568922e+00
-6.807923221706538186e+00 1.872466935146034128e+00
-8.242108318633800224e+00 2.158954121587272290e+00
-8.280759882078550405e+00 2.465800533091737634e+00
-7.930230599974634309e+00 2.325008338005891684e+00
-8.187578027623565902e+00 2.070112656371661419e+00
-7.650442788264323113e+00 2.087138611149388367e+00
-6.903107593017948851e+00 2.474236199227018762e+00
-7.597070976196900638e+00 1.253070435390340798e+00
-7.509813944119189344e+00 2.799400943175462952e+00
-8.043894573971936524e+00 2.082153439483754642e+00
-9.211778608665721180e+00 1.558517673883759835e+00
-8.740928407961082058e+00 2.233391608735940448e+00
-7.774025419240087054e+00 2.128422534034271951e+00
-7.917385741692353207e+00 2.690898943722244141e+00
-8.315310285369907461e+00 2.144268516439906236e+00
-7.400714080828651120e+00 2.091634504523993243e+00
-7.744306206091597922e+00 1.768790971131806167e+00
-7.866393402752263952e+00 2.540506189344394095e+00
-8.708639764543750772e+00 2.102316261074057557e+00
-7.991016236240518822e+00 2.146177536732395197e+00
-6.812318057191383502e+00 1.958016139295934099e+00
-6.954221382899839377e+00 2.731485146275994147e+00
-7.683960513227350297e+00 2.224883691047941259e+00
-7.608291201108614565e+00 1.768744886996014731e+00
-7.385489288753400494e+00 1.874981862040432601e+00
-7.681037504445886732e+00 1.083349479843062735e+00
-8.130550016868614449e+00 2.448880467109336934e+00
-8.260640319810075738e+00 2.348313331950304228e+00
-7.952523899811430041e+00 2.676405871153692217e+00
-7.069936687768338501e+00 2.270143244946912553e+00
-7.706342380433033767e+00 2.201548842753177748e+00
-7.709631057026393286e+00 2.777159077087836270e+00
-6.446476329553197715e+00 1.514600222202153512e+00
-8.213044999048143779e+00 2.862915617632941334e+00
-8.270045968950794801e+00 1.495318053133382286e+00
-6.641222954446173610e+00 2.044193342837098637e+00
-7.823981383875033835e+00 1.926915585623516503e+00
-7.408238307500212727e+00 1.614780745284101648e+00
-6.811714059910762842e+00 2.557853947590948529e+00
-7.724808788088371792e+00 1.905477985859084678e+00
-7.644780202174584538e+00 2.703315611301825960e+00
-6.390187357886317088e+00 2.935714972769124742e+00
-7.192457428668087793e+00 2.202853655863323379e+00
-7.082656366885110799e+00 2.008125365120529082e+00
-7.532966980484594899e+00 2.766678749782331082e+00
-7.395521826345161642e+00 1.848984289207136866e+00
-8.465295609004961364e+00 2.432079090415903977e+00
-7.631590452391963986e+00 2.646325669869829866e+00
-7.669963941322827772e+00 1.991538968823326039e+00
-7.171932120305652525e+00 2.679487462131939335e+00
-8.753505381222804971e+00 1.421772983169001803e+00
-7.633991359415683853e+00 2.148711851710037646e+00
-7.792401197109240840e+00 2.593297034710514648e+00
-6.691159464723922312e+00 1.665606718942579390e+00
-7.732667560342306068e+00 2.168640006391144848e+00
-7.596262074788444174e+00 1.569510920071746529e+00
-7.465193733034431567e+00 2.199681293441609675e+00
-6.679458989735593377e+00 2.373736181178986993e+00
-8.049172449746855307e+00 1.432753432151979478e+00
-7.747881030073334507e+00 1.806505988867991519e+00
-7.910744016382392552e+00 2.354157015030934552e+00
-7.581399770920157266e+00 2.278281044465120697e+00
-7.002777397559959205e+00 2.385308632128150474e+00
-6.342168544357568827e+00 2.261998248110384413e+00
-7.902356767357374245e+00 1.432784055033461179e+00
-8.356094445735495313e+00 2.634738356840865325e+00
-7.374442507887865261e+00 2.136481422623262905e+00
-7.811098079311962650e+00 1.737528361988414760e+00
-7.782092462184169612e+00 2.243075272643040741e+00
-8.707751622639639422e+00 2.543927339157986189e+00
-8.712530602447030148e+00 2.349819951314126687e+00
-7.721257834050874180e+00 2.327367821480058829e+00
-8.023158120318875319e+00 3.028069909499367274e+00
-7.339862432085213051e+00 2.499038871321479061e+00
-7.788376474727905396e+00 2.143703608214096334e+00
-7.256059628454126553e+00 2.832476144174270960e+00
-6.998821109427866283e+00 2.158137136405217760e+00
-7.670557998007868861e+00 2.346870894430549193e+00
-7.829799118973553185e+00 1.826698325835617087e+00
-7.615679079439324539e+00 2.417992111222641238e+00
-7.437056583696589840e+00 2.143562956731937863e+00
-8.027928199751917404e+00 2.430963792215174113e+00
-7.498409806221394192e+00 1.721807326856559905e+00
-7.224494040935335093e+00 2.561245708138256472e+00
-7.719842187058164384e+00 1.554209938426070581e+00
-8.305977590565767343e+00 2.398558147271004248e+00
-7.961631023279766239e+00 2.044277607428336196e+00
-8.263353035118090162e+00 2.592960911105333111e+00
-8.644802995397029122e+00 2.157495790151491288e+00
-7.521311060360014622e+00 2.487298667076094816e+00
-7.457782232146287882e+00 1.571565297837017372e+00
-7.905155007069527784e+00 1.809064213093968476e+00
-8.284956945449419408e+00 1.301192560387976371e+00
-7.459619196020883081e+00 2.771125103540401646e+00
-7.984616553943039818e+00 2.564620075268020383e+00
-7.430601921265286514e+00 1.729230215091422718e+00
-7.756149454968810808e+00 2.202108441872806743e+00
-7.329329646585691194e+00 2.236188502618652763e+00
-8.570367521360637397e+00 3.096777609165162204e+00
-7.504403928244148148e+00 1.684219691436476873e+00
-8.467587495447546075e+00 1.745581248782936079e+00
-7.874199242355405026e+00 1.841740475545492473e+00
-7.936557452975574911e+00 1.671590378413823519e+00
-7.421172132212152661e+00 1.657133585415207166e+00
-7.429469851829145099e+00 2.520736943003877073e+00
-8.450752637130467093e+00 1.945132952889767841e+00
-7.244271053207127053e+00 2.260244902831556324e+00
-7.265749336780481293e+00 2.723184361316205226e+00
-8.262369373631045733e+00 1.963217719504260161e+00
-7.554250359346625032e+00 2.039502432532167564e+00
-7.533817809353336337e+00 2.912419793670117940e+00
-7.801485260722580861e+00 2.287784492286846216e+00
-7.765600020058085029e+00 1.149333890354179211e+00
-8.121956708057364693e+00 2.070009600900125868e+00
-7.933937958934607515e+00 2.573159006168310725e+00
-7.164179350882881714e+00 1.828480171698573464e+00
-7.171211290800266980e+00 1.912846723803633076e+00
-7.553718293524784855e+00 1.977147685441148273e+00
-8.379255627903809511e+00 1.783475797337664481e+00
-8.531318206450189123e+00 2.579824874322655504e+00
-7.025067498050034054e+00 2.630177838616393871e+00
-7.857923579173753836e+00 2.527887018860823343e+00
-8.678953823090269637e+00 2.692826543460285382e+00
-6.773891129333422967e+00 2.513203034648621603e+00
-7.954397233091524910e+00 2.597615932504843350e+00
-7.671663763601170416e+00 1.659650607880406525e+00
-8.379300063056426495e+00 2.064516824907908443e+00
-7.688365193264266928e+00 8.908656966462300542e-01
-6.244142032219970773e+00 1.958613484101501934e+00
-7.051059542334842334e+00 2.193608384853446225e+00
-7.065390406026207160e+00 3.289268680153301094e+00
-7.973073979403600298e+00 2.008916150531521616e+00
-7.402198987868183977e+00 2.670408454313752955e+00
-7.591118647432391953e+00 2.098904534124025112e+00
-8.399496374671292287e+00 2.225069925486016675e+00
-8.213929881493969631e+00 2.182247446467322494e+00
-7.092983948577044728e+00 2.373225549068210594e+00
-7.524682363069548074e+00 1.405484330908848278e+00
-7.459281317166069236e+00 1.913028152493055245e+00
-8.671987002237615982e+00 2.842658695965623039e+00
-7.826513085260579317e+00 2.201095043225376635e+00
-7.462956941165429292e+00 2.810571050644194102e+00
-8.076369777758714008e+00 2.910373768200363642e+00
-7.721396850496957676e+00 1.778980449888343029e+00
-7.644181294268108218e+00 1.862847732513160715e+00
-7.750418777569255901e+00 2.933797226632936628e+00
-8.644499303139316027e+00 2.214114344430003545e+00
-7.707419150955237441e+00 2.023544875873549920e+00
-7.931987925968914332e+00 2.521541618823829101e+00
-8.001953383456047675e+00 7.339959487984413222e-01
-8.453751009014718321e+00 2.026378824257461186e+00
-7.246218192419163096e+00 2.458443279001307324e+00
-8.778235996692625775e+00 2.458141689809435260e+00
-7.645128135104815037e+00 1.917404440261845977e+00
-7.953997132409704740e+00 2.474229630265727398e+00
-7.553184790896307454e+00 1.676047563939225382e+00
-8.243390171308274006e+00 2.236599031008409622e+00
-6.772708184451900593e+00 2.706434792671112977e+00
-7.401804055707567720e+00 1.647603629414416737e+00
-8.106304856532384306e+00 2.511849966676782842e+00
-7.299027712739834861e+00 1.776834227255172038e+00
-7.782936102696005776e+00 1.762145515403255258e+00
-7.988950180743069396e+00 2.684100690359860319e+00
-7.840638202038149096e+00 1.716525618560331701e+00
-8.441428058198708229e+00 2.107833087340806877e+00
-7.853820365183423746e+00 2.903670407891242533e+00
-8.125304962557603261e+00 1.702454199880743868e+00
-7.385587776374336499e+00 2.290299529638244014e+00
-7.701878375331655313e+00 2.261837095039644474e+00
-7.929899728609128395e+00 2.219401747932822744e+00
-7.317294512852737576e+00 1.620468938971167727e+00
-7.255283417365146370e+00 2.715461928064063724e+00
-7.958795259423492752e+00 3.629751820270699536e+00
-6.755516106606982873e+00 1.329691798843224859e+00
-7.189069630630028129e+00 2.557399471047527406e+00
-8.240064056667131709e+00 2.438806568486538318e+00
-7.934169453581278120e+00 2.629241226340088833e+00
-8.184500897075896120e+00 1.686517520252046598e+00
-6.754967233507931823e+00 2.200753555086260249e+00
-7.310893525399852599e+00 2.675426977079694790e+00
-7.764836565235985866e+00 1.972599194704274916e+00
-7.443274280851722935e+00 3.075685225778373777e+00
-7.619594913916723833e+00 2.395578395279033046e+00
-7.789986650790201139e+00 2.355428288932799319e+00
-7.947524170623579742e+00 2.366593852368146234e+00
-7.202732637015631489e+00 2.902329351078205999e+00
-7.225323394853938375e+00 2.414538116110464205e+00
-6.707335296188129625e+00 2.154216134384582482e+00
-7.783947489982253387e+00 1.270758822266420118e+00
-7.532686512965681480e+00 2.522163915315447813e+00
-7.135463812219054347e+00 2.130039507442349045e+00
-6.532267910631695429e+00 2.628613536482064195e+00
-8.226901572289362363e+00 2.382802271472615807e+00
-7.701366354234138178e+00 2.854045913839521553e+00
-7.670849504754018611e+00 1.769028223969714375e+00
-7.535925093390109630e+00 1.914551456527971096e+00
-8.570457554115776588e+00 1.763126231084726436e+00
-7.619159087835463140e+00 1.912342799802356996e+00
-7.043401489675967575e+00 1.523819068590180681e+00
-8.082678686590167416e+00 1.683910976503501855e+00
-7.613215670798501478e+00 2.874658499513532472e+00
-7.687419021412345899e+00 2.085163855084325668e+00
-7.070520630470499057e+00 3.340921771854712397e+00
-7.499133849369629345e+00 1.215783318888947084e+00
-8.325769208240046737e+00 2.456230802618005971e+00
-7.508918654899941814e+00 1.116479095073208638e+00
-7.439303161424883903e+00 2.503854157306538930e+00
-8.369667809466065478e+00 3.001034807951465044e+00
-7.610077797216277418e+00 2.463235681969487167e+00
-7.969834291763572054e+00 3.038849639617120957e+00
-6.519621593892123812e+00 2.282680012902850386e+00
1.801990644604098080e+00 -5.483739172321507205e+00
-1.075874238984936060e+00 -2.243708506738010477e+00
-1.513143850946328417e+00 -1.757631195586918382e+00
-3.670632232450675048e+00 2.508210414724813209e+00
-3.774285333213523330e+00 1.789350117658015382e-01
-3.821076553291095301e+00 2.606731701888694630e+00
1.339762345621100748e+00 -4.063465725164872921e+00
-1.863834788775783569e+00 -8.213691611339476450e-01
-3.607200905989881523e+00 1.771036603070940352e+00
-4.161744340853123170e+00 3.175404378190999743e+00
-3.453515426982378234e+00 2.204776048287246937e+00
-1.276713592207400882e+00 9.651644632660494327e-02
-4.235879869893226513e+00 2.813081806014648745e+00
-8.019790771897752357e-01 -1.598256622174943464e+00
5.681769515756242006e-01 -2.971695537967420808e+00
-2.523257366505610388e+00 -3.364853900885887428e-01
-2.705024475401423878e+00 1.569505526523731209e+00
-3.980087663348383487e+00 3.303997998540211256e+00
2.220152664900206130e+00 -5.546414108826527745e+00
-2.814243824303218844e+00 2.566758165521817237e+00
-1.820910917926177319e+00 -1.856862041870934732e+00
-1.751577873158320697e+00 1.732380580117875990e-01
-4.203146668012809783e+00 2.892696799574579369e+00
-1.493288895202653066e+00 -8.302007775133870560e-01
-9.095589688472113243e-01 -1.588990483518394115e+00
1.780969325611757137e+00 -7.244967177810260672e+00
-3.234485998211961810e+00 1.276129652845375828e+00
-4.110648473565229111e+00 1.787235638442032926e+00
-3.500636455332756913e+00 1.524210407794991617e+00
-3.099110829771281495e+00 -6.300292431469066701e-01
-3.148114350131578920e+00 -1.896675630897830811e-01
-4.315206283720449676e+00 2.207339191969638570e+00
2.373925275830042134e-02 -1.136200873485046836e+00
-6.819348394036625294e+00 6.539761101320335612e+00
-9.855017578828285663e-01 -1.318289103943126817e+00
-6.350685734613001010e+00 6.498917339687604766e+00
-3.701299828067721176e+00 1.246378001612118869e+00
3.355137601340862918e-01 -2.147847806509990409e+00
-1.012557035511225445e+00 -1.141310780564031901e+00
-2.777613603059368774e+00 8.687977823018107060e-01
5.764987177691847237e-02 -2.209999039839892543e+00
4.428059687537725941e-01 -4.293420153707994125e+00
-1.818852044439619453e+00 1.680843451928683563e-01
-3.571220035538053228e+00 3.071870626040729579e+00
-8.818923402338813000e-01 7.833636042110138364e-02
-2.334497366849041189e+00 5.596892670300465111e-01
-3.052168497975089156e+00 2.201267898310095728e+00
-2.166568828283472303e+00 -1.985468195645345491e+00
1.582012863211566867e+00 -5.766037685960958115e+00
-7.922119070497406490e+00 7.986231693823754085e+00
-1.360535994728921505e+00 -2.937087957946780570e+00
-2.655521684617864753e-01 -2.000814217671373019e+00
-2.689604178355819553e+00 3.607072325509541599e-01
-2.825475519338551234e+00 1.202503277215522637e+00
-3.621928472129855248e+00 1.855038644886619181e+00
6.034235999422105090e-01 -5.900999618520502032e+00
-3.740527835235153198e+00 4.060175963633321783e-01
-3.270822247987015263e+00 1.752907224000948005e+00
2.508379070841668668e+00 -6.399595582428867502e+00
-2.491713100902792188e+00 1.066478334440330134e+00
-2.418193100938380580e-01 -2.221772353439646963e+00
-2.054908672218549892e+00 2.555227491476755874e-01
-1.876600672439773465e+00 4.771770257849242691e-01
-7.397065487864840527e+00 5.179041971166093106e+00
1.676158310277080232e-01 -4.472982960605563107e+00
8.013485112514642239e-01 -3.553963965621913079e+00
1.039264922274404812e+00 -4.684486241625406500e+00
-2.622541165540853036e+00 6.092010866577143302e-01
-2.295207446156872777e+00 -8.431753963643621175e-01
-1.827897190155246543e+00 3.206790419113644125e-02
-4.224672411231678915e+00 3.549210290000993862e+00
-1.035696842352883174e+00 -1.591616112917624726e+00
-6.254462209284215923e+00 5.603626827872357552e+00
-1.108140107204217184e+00 -2.191663220597681594e+00
-7.423904057950486468e+00 7.611575102026866269e+00
-1.008986504546707685e+00 -2.187945185246426671e+00
-4.897282744287062006e-01 -4.110127211403599823e+00
-7.867616959104370977e-01 -1.141754370337821456e+00
1.312354336716784475e+00 -5.796871568027991195e+00
-1.274504746268078526e+00 -1.351271864416164092e+00
-1.459730338218722778e+00 -5.647065386821706889e-01
-1.891932339891181591e+00 -1.315999046655938365e+00
-1.591735229022942066e+00 -2.274917028641675998e+00
-5.038720250332836770e+00 5.557908744410131163e+00
-1.928871688189610412e+00 1.036659385931826272e+00
-2.523784358242419312e+00 1.263313056545538160e+00
-1.171571193685887247e+00 -2.275900882558836269e+00
-5.286425482129212483e+00 4.716189535545735723e+00
-3.384552745206698798e+00 1.274358931405678463e+00
-3.333002700245324967e-01 -2.376377896113018195e+00
-2.152241925613418982e-01 -3.313428560076643770e+00
-2.281914593604441599e+00 -5.236522940303613982e-01
-1.844660934463727697e+00 4.257907952983461808e-01
-1.347167189581816915e+00 -8.643937425216872139e-01
-6.448250541591978857e-01 -2.351606987764178758e+00
-3.962596467988994675e+00 2.827183832283960196e+00
-1.517522174336101148e+00 -1.693970191812896653e+00
-4.073194957934035187e+00 3.852295319057039702e+00
-2.824107254632517439e+00 7.731412185172982232e-01
-2.340062174488210189e+00 1.687899282367004705e+00
-1.178518411799069243e+00 -1.436294596212330799e+00
2.210857448151732838e-02 -3.045908467052364621e+00
2.448901180207133876e+00 -5.772181624508846198e+00
2.074312372300343155e-01 -3.535861998092705072e+00
2.996443369142220980e+00 -8.400148626537285779e+00
-1.461686734009817190e+00 -2.984395755276905149e+00
-4.990702719941753962e+00 3.628721479985082432e+00
1.873172103228194940e+00 -5.185844263663963893e+00
-4.205626831521939835e+00 3.628460196337148780e+00
-3.003889052336249588e+00 1.129867155742443563e+00
-6.704652193915811687e+00 5.514212757579072033e+00
-4.299580893851459251e+00 2.060597486965044300e+00
-9.299993009952376433e-01 -2.771126629885461323e+00
-1.030377811407048760e+00 -6.354200602927498887e-01
-2.430709421883032295e+00 7.961399819300927216e-01
-1.952578582929319628e+00 -2.389637312923889922e+00
-5.617819754235455765e-01 -7.769589613448230070e-01
1.602673527737300763e+00 -4.090087148962383345e+00
-3.284037400816438357e+00 6.410345677389072128e-01
-3.246222147285483750e+00 1.057445761163481768e+00
-2.962495463726691369e+00 -9.631732302970883453e-01
-3.126770959601632427e+00 1.577646360960528016e+00
-4.179255322729944488e+00 3.548823782897603696e+00
-1.656006550704978153e+00 -1.054366342680014723e+00
-2.291673891275235686e+00 5.476079800037710887e-01
2.341275652292337472e+00 -6.394355231967577602e+00
1.146210111226704020e+00 -5.501394728622860164e+00
-4.379609378113944018e+00 3.181876730552010701e-01
-2.204725468012896261e+00 8.457616947410180330e-01
1.932510710064525794e+00 -6.632086752259380269e+00
-2.688085037978347636e+00 -7.707609861404973728e-01
-3.229687835153634445e+00 2.014418491537628142e-01
-4.720990235580386774e+00 3.584781561149659179e+00
-2.451632929073625622e+00 -6.143519851839036872e-02
-3.637968676696484938e+00 2.186763337736004953e+00
-2.572204473605812947e+00 1.711665358181210905e+00
-2.824911144360741755e+00 1.896406202195148216e+00
8.907520399686201795e-01 -3.021214261314492333e+00
-2.276178598600729241e+00 -1.796071756412791709e+00
-4.268783414469984550e+00 2.332180110491442804e+00
1.476220865951319849e+00 -4.329120538963874054e+00
9.711292246364250369e-01 -3.112769040816771415e+00
-3.322455563038322346e+00 2.183893091519405472e-01
-3.037492083731653025e+00 1.012722528175364234e+00
-3.023140789652257521e+00 9.760013682798337475e-01
-7.867169308358246127e-01 8.006273362910860600e-03
-1.065599973966392805e-01 -4.692693967448433590e+00
-2.153268455450628505e+00 3.639576127530522731e-01
-5.573786157755493686e-01 -1.620683629547751359e+00
-4.619211533969618699e+00 2.530130428013550592e+00
-2.683561991791253987e-01 -3.554848429818285194e+00
-2.013870056975196388e+00 -1.524326275664537045e+00
2.252309781385460674e+00 -5.889961814032361964e+00
-3.694625263327747433e+00 1.929863187253937351e+00
-3.316402461121513046e+00 1.379235676647943665e+00
-2.990106399283274374e+00 1.133783623071655144e+00
-1.277356728920725049e+00 -4.368563738380115136e-01
-8.526547644973009321e-01 -1.357174367763650746e+00
-1.612717791237890941e+00 -1.232726410514581428e+00
-2.513079115778557693e+00 -4.263764954221642145e-01
-2.570183909712348669e+00 1.690598268141764171e+00
-2.128032308077518309e+00 9.581996006249162701e-01
-1.541888115809031179e+00 -1.243778895043285315e+00
-2.864941041695435731e-01 -1.669333186707226080e+00
-5.919573913930916476e+00 3.754743005870645245e+00
-3.016723677024005568e+00 7.897046317044607022e-01
-5.904045519385925367e+00 4.479035794912638480e+00
-4.713197381348775750e+00 4.288746453844081152e+00
-7.158521397379206341e+00 6.779025790667556173e+00
-3.587906284541360957e+00 2.139853564513982676e+00
-4.416331906644062499e+00 2.920149639392198182e+00
-5.360177993243004479e+00 4.027987659376215390e+00
-1.936492763080326363e+00 -2.173778065201738663e+00
-2.448505862426422208e+00 1.069605059318078144e+00
-3.642251615676983523e+00 2.515805726197482439e+00
-6.720898699605867277e-01 -1.607508594240073529e-01
-1.747363996067508696e+00 -3.047414524433182059e+00
-2.009238890245837350e+00 -1.645808020802291161e+00
3.701981640832150977e-01 -3.191465136671507441e+00
-5.631448363232930632e+00 5.048838485726486525e+00
-1.227924415444446860e+00 -1.496550173525637906e+00
7.864721479183258701e-01 -2.485860593959566600e+00
-3.048753426923975773e+00 -9.239851916261117015e-01
-5.180664715678424237e+00 4.582579566330172050e+00
7.464333265437552711e-01 -3.055400024263845715e+00
-4.239973980633197748e+00 3.134172886752720988e+00
2.225263651467604742e+00 -6.673344112117527871e+00
-3.821991257859518765e+00 2.624297850580822100e+00
-1.161165968902094087e-01 -2.618479536312867673e+00
-3.429241845199687333e+00 3.217849841764078178e+00
-7.484971675511693512e+00 6.459523907836902445e+00
1.253593210340053998e+00 -4.348407441194615863e+00
-2.313179032579195660e+00 -1.183584238356977014e+00
-3.190003213048379305e+00 1.925680367148877803e+00
-4.791365344579127772e+00 3.617068367584970634e+00
-1.259740076786385998e+00 7.019903785478749381e-01
8.563273529495031289e-01 -2.513640017899323009e+00
-3.371953038372518030e+00 2.753370335036260386e+00
-3.044623370753652303e+00 -3.851588408979241263e-01
-1.923502427485657584e+00 -1.688343909977208623e+00
-1.139263212482903187e+00 -7.898887134839673863e-01
-8.406546838568904612e-01 -3.866166380257214374e+00
-6.012946954073050243e+00 5.954067084027007795e+00
-9.201757268779466870e-01 1.009354808247401536e+00
-3.910987045139804330e-01 -3.320040524502087642e+00
-4.505651923962823879e+00 3.475580956779541264e+00
9.310305102515050724e-01 -2.163254548070189465e+00
-2.518287101907763503e+00 6.145992915165858772e-01
-2.845299376806796676e+00 -1.034183638641286596e+00
-3.416746450048551154e+00 1.204968942446114299e+00
-6.352103252535728828e+00 6.626861766911552820e+00
-3.600320164944357249e+00 1.303088485985886669e+00
-2.499921200521245002e+00 -1.059007583934467922e+00
-5.797779608223978975e+00 5.956645353466828219e+00
-1.280566447248640216e+00 -8.650926340539991655e-01
-4.274677498251815422e+00 3.828182241704091826e+00
-1.483106956446031077e+00 -1.016555319877948449e+00
-3.641643251099365708e-01 -3.051156837784911868e+00
-4.741163684657746735e+00 4.465677282905005541e+00
2.497490565695646758e+00 -6.151617811248276446e+00
-2.934610489796747324e+00 1.122808443687750568e+00
-3.854510977775507552e+00 3.130174522903960810e+00
-4.765994197052553005e+00 3.237891432562200578e+00
-2.989306605156233143e+00 3.225604888453812436e+00
-4.548276696585961787e+00 2.404395043026056999e+00
-1.532858029892424145e+00 -8.573109624709951415e-01
-2.397752440366764048e+00 -1.477309393238306345e+00
-1.354355255433313809e+00 -4.941984426657764634e-02
1.020766420033454525e+00 -4.421383690825715362e+00
-5.470058563978795085e+00 5.737198602421319293e+00
-1.637743921939756264e+00 5.130485460611360349e-01
1.184308756650654271e+00 -5.913624755610469741e+00
1.864616765480503480e+00 -6.333465734054551710e+00
-3.961317042548069711e+00 2.350783740732232729e+00
-1.455057857498085472e+00 -1.240007649016092506e+00
-2.254162891796835932e+00 2.336251929319376267e-02
-1.927157904951729561e+00 4.235110189044766771e-01
-2.603300449238209691e+00 1.112499495246166870e+00
-2.214011061091219812e+00 5.008450794443926046e-01
-1.334324935268001111e+00 -9.892478791380121539e-01
-3.816186238593675117e+00 3.093409929973729877e+00
-2.107946260120268978e+00 -1.428716289495852498e+00
-1.914505355203900638e+00 4.309105865543751968e-01
-4.324402802524942024e-01 -1.646304835471692485e+00
-1.622023669707049143e+00 -8.259963986156475535e-01
-4.770874200870053095e+00 2.542523112361946058e+00
-1.145781689749761911e+00 -7.286349009340312710e-01
-1.295308680293867809e+00 -3.647306051170580432e-02
-5.481037682356192597e+00 6.520261201807616480e+00
1.126238999161812471e+00 -3.894725985338560292e+00
-6.366962607784753203e+00 1.100161152643443252e+01
-4.104513428015893695e+00 8.875030911983602167e+00
-6.914384971290297166e+00 1.069177912615418080e+01
-3.069340290648821412e+00 6.296571315013127723e+00
-3.025945088240749037e+00 6.239781801805177608e+00
-4.012084674549882379e+00 6.901674966266749145e+00
-5.001606753305953390e+00 7.739034489697601771e+00
-4.361320610240726481e+00 6.976308376118526056e+00
-3.024784709686044071e+00 5.980866714816185592e+00
-4.439018452091973543e+00 7.510503282561071359e+00
-3.658052752736435487e+00 7.068782437736976121e+00
-4.329142961976061521e+00 7.818764861104066100e+00
-3.239574414685431947e+00 6.388849544932345026e+00
-7.535786525218953535e+00 1.130947002441349447e+01
-4.484298852113406397e+00 7.564637898618554956e+00
-5.418196381672776063e+00 8.732105151785743757e+00
-5.700366844294457280e+00 9.852955474005534953e+00
-5.982580815891106241e+00 1.002188126320015193e+01
-7.467528777142454111e+00 1.111950197268341967e+01
-7.469785864900090111e+00 1.153109212028237884e+01
-1.064870917373973214e+00 3.223601405651305818e+00
-2.631053162788244304e+00 5.185675080361847655e+00
-5.771193056305423674e+00 9.825342182694479121e+00
-6.108665303578774797e+00 9.532294301807855419e+00
-7.207671997079347470e+00 1.153254364300451584e+01
-5.029377287158249388e+00 7.914528786632734736e+00
-4.778070288535937848e+00 7.289920632516325050e+00
-3.629049532331179329e+00 5.147474079780744560e+00
-3.345504865934498362e+00 7.172820403922695931e+00
-3.689992501305298767e+00 5.558177474511381888e+00
-4.630275730973154147e+00 8.176031557242712466e+00
-6.280972909968764561e+00 9.656752431281239168e+00
-3.111599991070083338e+00 3.981043290515235089e+00
-5.463370939417393934e+00 9.410481856512207699e+00
-6.147282027076435007e+00 9.136246087973427521e+00
-4.309814650751782494e+00 6.876543644967183511e+00
-5.479879546809180546e+00 9.482134117468264733e+00
-4.923376090307819197e+00 8.047959224242688947e+00
-5.943379062205188745e+00 9.008811583381707067e+00
-7.373190393584297730e+00 1.236558902484974531e+01
-5.561307356623509612e+00 1.013768109933559636e+01
-2.288303141130790141e+00 4.380305727127745463e+00
-2.779170695847621886e+00 5.880982525964581598e+00
-3.889933339909250165e+00 6.596423194147821967e+00
-4.103325261368228283e+00 6.307048788263482031e+00
-3.884637781986006733e+00 7.085999882212413503e+00
-4.153730199612973628e+00 6.809159093829997289e+00
-4.946406550873132524e+00 8.124543843727074943e+00
-4.413556422888957442e+00 6.547917717543262128e+00
-5.886344962145281023e+00 1.019668571602909068e+01
-7.121068909781395284e+00 1.214258599277532191e+01
-5.603775251573326344e+00 9.754209520817829215e+00
-3.816530656418239520e+00 6.500499088458002284e+00
-4.209543832706854616e+00 7.130988064128328752e+00
-5.307028668338592325e+00 9.241552378392007938e+00
-6.901591024007251107e+00 1.127945821225114287e+01
-4.722439392052461216e+00 7.169048357598224008e+00
-4.134342631117890576e+00 6.523473001163662133e+00
-5.383630955913507599e+00 7.628777427877447614e+00
-3.012166192690554301e+00 6.867470972548424868e+00
-4.854558161233705427e+00 8.590898043261676165e+00
-5.263626678576547313e+00 9.569632933779837813e+00
-4.821167290681121820e+00 8.243466788651465649e+00
-5.911774172618162737e+00 8.619228241953130976e+00
-3.458333452663708840e+00 5.533922349565193244e+00
-3.997499756970871232e+00 7.203865573113771070e+00
-6.796067948168673212e+00 1.154985540018727264e+01
-6.169804503916594740e+00 9.561079934562959792e+00
-6.891254091062850584e+00 1.170075285079107275e+01
-5.943061477139822912e+00 9.250194042792935889e+00
-6.146915241350061621e+00 9.929762833732686644e+00
-2.850960344426343607e+00 4.810235241842155673e+00
-5.734274826572505646e+00 9.256902510097292591e+00
-4.116520432835388377e+00 7.064665065461803728e+00
-5.688261720745648731e+00 9.702779943151931263e+00
-2.048078531748847464e+00 3.297020216485057720e+00
-4.794584896777914551e+00 7.661103798842459511e+00
-5.318211991970075658e+00 9.160865003727563405e+00
-5.743547961796569012e+00 8.813220423414321658e+00
-5.349710810400820193e+00 9.133553338713314318e+00
-5.897405705359028971e+00 9.189164827454522566e+00
-6.468795831512430539e+00 9.815136177470302314e+00
-3.956410982874627003e+00 6.158309341589386143e+00
-4.289442513410596902e+00 8.059955284984063439e+00
-6.370739439519399916e+00 9.940341243602432542e+00
-3.240475736155591591e+00 4.901649370375922743e+00
-5.818784002846753900e+00 9.381617483639196564e+00
-6.459222167505466849e+00 9.371751303417228840e+00
-4.661598362624472358e+00 8.271008342287302639e+00
-7.538690508209564989e+00 1.187486654312756151e+01
-4.876423251576373019e+00 8.664738229636556710e+00
-2.083891109527241881e+00 5.062205558464378363e+00
-2.607851689908700976e+00 4.494828034624152480e+00
-6.234276712526410691e+00 1.158375684779020887e+01
-3.805309757740723775e+00 6.717951578997362283e+00
-6.584564923746326848e+00 9.552508786834010834e+00
-2.927310083907531002e+00 4.444857185960381152e+00
-4.360613814731143734e+00 7.187091070827634987e+00
-6.322822608742828088e+00 9.944192106657945729e+00
-5.246398464314317778e+00 8.036330088646737480e+00
-4.803959866183893368e+00 7.170490992389527918e+00
-3.179041685639078185e+00 4.846287525567833931e+00
-5.304126988231266715e+00 9.103073947385537323e+00
-4.187811201188703869e+00 7.794034813863826017e+00
-2.507279141974676939e+00 4.613568323647346148e+00
-4.787024045043625442e+00 7.382104587603376622e+00
-7.663893559094196561e+00 1.147759678304275610e+01
-4.030519343089737916e+00 7.221921956840503753e+00
-3.446901644069455539e+00 6.472249865697166982e+00
-5.995537310918432006e+00 9.784750934441460046e+00
-5.386730710023221569e+00 9.490781639716555418e+00
-4.672435981331156896e+00 6.697101046288916670e+00
-5.305753556466197729e+00 7.730844219065440726e+00
-5.215404417763928713e+00 9.146289567491026062e+00
-3.158985419419751750e+00 5.666765331762592339e+00
-4.933398327697505970e+00 7.615419722886179521e+00
-4.732486848662373013e+00 8.171018333730657446e+00
-3.964200336694998050e+00 6.512846470078256012e+00
-6.099348918154615440e+00 9.218372642852299848e+00
-7.636562063555144775e+00 1.237892238530015376e+01
-3.467415604366379966e+00 5.634981624369586051e+00
-3.469331725814751799e+00 6.464775393688915628e+00
-5.761117678283492971e+00 9.923599377312687153e+00
-4.108358866341290216e+00 6.926207280021384527e+00
-3.259350712480667767e+00 5.156734227966448536e+00
-7.145120570164300133e+00 1.101655488811604577e+01
-4.352998479773021678e+00 6.787870834803543474e+00
-5.277017659713961528e+00 8.944797995441925664e+00
-7.091894590381563113e+00 1.130635388612949122e+01
-4.142855836138918946e+00 7.861185543417065880e+00
-6.628741661259126339e+00 1.015596288911677014e+01
-3.267942565410015376e+00 5.903538293991847929e+00
-5.143499967033880793e+00 7.547747068194509801e+00
-5.619322964100402551e+00 8.424737909210881170e+00
-5.222768005168189731e+00 9.417413925782790685e+00
-7.106701106482262276e+00 1.094589334263858760e+01
-4.747482967914885776e+00 8.593797424917495320e+00
-2.767250161333973946e+00 4.921943487927290306e+00
-7.130252063389340478e+00 1.135507586310604289e+01
-2.411820264802830405e+00 4.133815478479928807e+00
-6.791162411954903000e+00 1.088520255655951807e+01
-5.728226257125530907e+00 9.740859602832971476e+00
-5.452390714328614330e+00 9.309935469454645229e+00
-5.782958032281513283e+00 8.469847612597321884e+00
-6.140689259760335972e+00 9.789229673278711630e+00
-4.445089469070612864e+00 7.913956830837409306e+00
-5.562886829276951772e+00 8.888736047649345551e+00
-5.333516894297758881e+00 8.670627259382294838e+00
-4.778070355549156822e+00 8.241537857059135774e+00
-4.083522804364768888e+00 6.213656920360454805e+00
-5.880784095858889948e+00 8.936819104734363250e+00
-7.715791504455960848e+00 1.199253920147065600e+01
-6.188839702840409629e+00 1.104449942384774630e+01
-4.167942873362892264e+00 7.671147952223529742e+00
-5.288671037838192035e+00 9.688230336430013523e+00
-5.803266030782940454e+00 9.373836015425723645e+00
-5.244561737752287733e+00 8.687879021678545755e+00
-5.013282260529109635e+00 8.565115907221887426e+00
-5.330680531388512833e+00 1.011735493042558964e+01
-4.628556040074110811e+00 7.101801126482494730e+00
-6.305623785174240048e+00 1.042129025897723871e+01
-4.036769565999327902e+00 6.122359858560876056e+00
-4.196250270168196295e+00 7.154384625685698218e+00
-5.388742537211872019e+00 8.504290009563744590e+00
-5.809902216639813766e+00 8.895002967422374951e+00
-5.903999965766171698e+00 1.093598523692153890e+01
-1.682352022928919943e+00 3.460483460392130617e+00
-5.747036405248138635e+00 9.797715577455228697e+00
-3.565459299671974058e+00 6.470356850230184698e+00
-6.898675604901432834e+00 1.148544536213505829e+01
-3.048969962774547682e+00 5.678458811728593680e+00
-4.666397124344054959e+00 8.167511709028243416e+00
-5.773422654283788980e+00 9.790136039703906334e+00
-3.623702060641420974e+00 5.899777467728439362e+00
-7.658687149873339983e+00 1.192076826080401908e+01
-6.241529330433197131e+00 1.013219103995625936e+01
-6.598417599069438033e+00 1.193322237874727421e+01
-5.901160564817397258e+00 9.716021070418928929e+00
-4.034273263960375111e+00 7.193221501563344944e+00
-4.459786332590669033e+00 7.402541918674192978e+00
-5.339544858130732763e+00 8.579018263973475555e+00
-5.227683389456246665e+00 9.375852790892601263e+00
-7.286137835727025447e+00 1.145487746259652795e+01
-5.196481490228938682e+00 9.281542820027466334e+00
-5.278707360777278979e+00 7.676410741661387149e+00
-4.532598780335428401e+00 7.132984322213033579e+00
-5.334612335229732771e+00 8.525248515203378119e+00
-3.790994671845853148e+00 7.772198235780185982e+00
-3.298110275683959092e+00 5.156610474899405716e+00
-1.185301646299206757e+00 2.596924329157468403e+00
-6.204465131297889791e+00 1.012033831034706921e+01
-2.677094122678072452e+00 6.381816952948402566e+00
-4.711439379778984637e+00 7.131783747477685509e+00
-2.548516274757773203e+00 5.325511167065949181e+00
-3.351789158764785004e+00 7.194427245080891709e+00
-5.289717027015726103e+00 9.138491368365345480e+00
-4.162159203615028780e+00 7.979541150269928274e+00
-8.131560150624297378e+00 1.249340374678276966e+01
-8.011671967013400675e+00 1.157926359910250902e+01
-5.639041008150662115e+00 8.403995498340162129e+00
-5.492694745997306782e+00 8.391801707642585484e+00
-4.380959485135025311e+00 7.157653613264606918e+00
-4.041571422272880909e+00 6.865018062392945986e+00
-7.246883531423567781e+00 9.340823242390264625e+00
-5.467965608496347052e+00 8.160255672857806175e+00
-5.713942802484143435e+00 8.523159944790124953e+00
-4.498641471462809349e+00 7.699361389385344978e+00
-3.366703750501159220e+00 6.298423999732616352e+00
-6.472381813575572629e+00 9.857917233717676808e+00
-5.807830308825070453e+00 9.900270751987823914e+00
-6.505592464041260570e+00 1.080787737545101024e+01
-6.382273922601356730e+00 9.403169603262337972e+00
-6.890096813043438573e+00 1.232464877682675741e+01
-2.873113552950300242e+00 4.830079868108906105e+00
-5.607989972702538850e+00 1.031283682793258372e+01
-5.963938557568316590e+00 9.596978303242766017e+00
-3.803733943184457900e+00 8.625489443987891747e+00
-5.348708026518033343e+00 8.135201715915219012e+00
-4.166084275982651519e+00 8.441888667357712706e+00
-7.024457597688461341e+00 1.097843628440333674e+01
-5.245405569361214937e+00 1.082799213767733626e+01
-5.602407182572304301e+00 8.366465779036227346e+00
-2.060214031873487617e+00 4.339106859508841119e+00
-5.026899868995389653e+00 8.215431523610337905e+00
-5.243065612738635473e+00 7.911945141927768432e+00
-5.958029846776423000e+00 9.064025244939141857e+00
-5.022998972816654195e+00 7.707980176691132002e+00
-8.332566158113820620e+00 1.324686894029183470e+01
-4.627131784406968151e+00 8.172227948356820093e+00
-3.081939163487833699e+00 5.471129803640232936e+00
-6.238907446202782481e+00 1.088699999194526313e+01
-3.071138428264596154e+00 6.080217983015400840e+00
-3.929281740947652146e+00 7.131138929282710315e+00
-4.494252653499386518e+00 7.908764880321184521e+00
-9.334083914534600623e+00 1.427445230198233617e+01
-3.645893078672798104e+00 6.273440425144766408e+00
-5.273014920166033015e+00 8.517264615926048776e+00
-4.903973512676977897e+00 9.214923387161860546e+00
-4.338175305488820577e+00 8.312594375050350592e+00
-6.981810990306660081e+00 1.100252663123697516e+01
-4.383083262825649307e+00 7.551300901295694423e+00
-5.912704171048365431e+00 1.003369952763220674e+01
-4.076028488453007803e+00 7.334059314246388794e+00
-5.957392716538289612e+00 7.829358253992995564e+00
-6.807280313759442869e+00 1.014785305504813273e+01
-5.101341382385616186e+00 9.014895103635527818e+00
-3.625168728023127951e+00 7.252561300220317086e+00
-8.126211502736895298e+00 1.278506628968319525e+01
-3.297396948788005044e+00 7.454793820919471514e+00
-5.560593517228358706e+00 1.029984633224477975e+01
2.557581226372409589e+00 2.332303999463181121e+00
3.767126598603498522e+00 6.231727770969019975e-01
-5.131820093055265986e-01 -9.694906734549535443e-01
4.085162297168046130e+00 2.231267669966478628e+00
3.009580593848710350e+00 1.795852960415274202e+00
2.888756711961808943e+00 5.360699603033689531e-01
2.301212676379376099e+00 7.207500073163828347e-01
4.235627834140086811e+00 1.905098149320753054e+00
4.193266588698489450e+00 1.104570917443726819e-01
2.660071083941493164e+00 7.666636303112128736e-01
2.313804700998191244e+00 -4.426092227394207157e-05
3.715535745191116401e+00 4.216621540480003372e-02
3.088331594269594582e+00 -5.736190093754247599e-01
4.075978902612666488e+00 1.164740088657757244e+00
3.941343681433399304e+00 -7.504975783775291731e-03
5.081373048893621736e+00 1.305322043966729018e+00
3.796398277354183115e+00 2.000161039205717639e+00
6.531805784318041042e+00 -2.133666164213472438e+00
3.693885427513027508e+00 2.675109433464282205e-01
2.011712930542784328e+00 -1.610861396218941088e+00
6.544002454899619181e+00 9.083835057052234152e-01
5.468192444854631518e+00 2.084736358770736153e+00
1.914240812298428684e+00 1.247869401408296497e+00
4.011656270993246842e+00 1.478404454070558760e+00
4.465674550480521532e+00 -1.277437504068880791e+00
4.947443818618110001e+00 1.816330656817698230e+00
3.125340983035481912e+00 2.861603042844303335e+00
4.538017961702853320e+00 9.882889327394296375e-01
5.180118141007779009e+00 1.026308114601575339e+00
4.839899914917729973e+00 2.206052370763824655e+00
6.917741124755449889e-01 3.606382034189960617e+00
4.768920715674652477e+00 2.022209765825043526e+00
2.694225301589013633e+00 2.404882016657135857e+00
2.532299036707286177e-02 6.273841998227039918e-01
3.077923696533863662e+00 2.079837862473298493e+00
1.537397925334082149e+00 9.208505144873373460e-01
3.325528941095712288e+00 3.113015730377044488e-01
2.053557280749602754e+00 1.143445808305454836e+00
1.699776322467302814e+00 4.179813870749709004e-01
4.664491294203769733e-01 -9.101180477883579201e-01
2.277023177372267781e+00 1.940292915951025599e+00
2.200396251085344979e+00 -6.486422047845821215e-01
2.786644076226692412e+00 2.167027130941654889e+00
5.862916690067499381e+00 1.208982767427860594e+00
1.330282226874055729e+00 -1.273924981288550473e+00
2.927778078070270684e+00 -2.122899664402141617e+00
3.621170318462921589e+00 1.736156485760395274e+00
4.448729655063794475e-01 1.482673067863984340e-01
3.245297118324205421e+00 2.134836251083044090e+00
4.162669073035235812e+00 -6.599697009814147197e-01
5.715691463543041806e+00 -6.825210813044404468e-01
3.845087978757790292e+00 9.075949959057415528e-01
4.183693098328602034e+00 1.289537589295730147e+00
5.466029721519338302e+00 1.165285654477927757e-01
1.714202067787347739e+00 3.505040005556021132e+00
4.332134032492146680e+00 -9.525305493081086539e-01
3.366735178178315024e-01 2.066329229438366610e+00
2.424728421360877739e+00 4.269942237352512215e+00
4.307574794138130159e+00 1.197880864162328418e+00
4.844147935095637791e+00 3.372081958611233166e+00
1.471631652142105784e+00 -7.831291437119958232e-01
2.513954675242044523e+00 1.823350178313490222e+00
1.540200308943954877e+00 8.762982911447718681e-01
4.031538093234883213e-01 1.146242277792928199e+00
3.915383087819101604e+00 -4.369610184304433265e-01
3.281650075904562591e+00 1.897492740400178457e+00
1.948495102689205671e+00 1.699051590269506251e+00
5.463019593488237291e+00 2.901006712910581875e+00
1.674551450371104089e+00 9.109244267437663911e-01
2.680385422346041935e+00 6.951242296807873533e-01
4.713590607019035872e+00 -3.938858380011642346e+00
2.155675445778038934e+00 -4.422299058254608450e-02
4.408065887328456611e+00 3.950798107519805757e+00
4.139169342548394859e+00 2.500814182562406174e+00
4.217090787523011031e+00 2.632292847414765102e+00
3.234499165728511372e+00 1.254180779093893250e+00
5.731254582375779449e+00 2.895738069462426623e+00
5.940151033914189860e+00 5.255544520130056574e-01
2.424998031087659989e+00 1.280792491063622141e+00
9.663161581433250547e-01 -2.447750591571308032e+00
4.105442523404908783e+00 1.990331691140860393e+00
2.992359747814401949e+00 -1.793528935617850095e+00
6.010600707444550217e+00 -9.575603855073524517e-01
4.938312382847212412e+00 9.480557718049016369e-01
3.169366237277335685e+00 2.820276790520146903e+00
3.751158854491202010e+00 3.739616451932985974e+00
5.175376350503935186e-02 7.038512756310240093e-01
3.773608429884776072e+00 7.915145869792903355e-01
5.690038685280692121e+00 2.572910018234462193e+00
3.620528482826013139e+00 -7.967859389742870668e-01
4.286104432301342193e+00 8.227221538552059732e-01
1.433764100994030732e+00 -1.090657768461683608e+00
4.588779387176931124e+00 -4.510446746541489915e-01
5.042216102648993115e+00 1.288866662007948083e+00
2.320525070073268026e+00 2.673190842295237735e-01
5.550372018309159827e+00 -3.040207245620723864e+00
3.631329023283954349e+00 1.220271578185114114e+00
6.150999841193328876e+00 -6.438959341091821109e-01
4.075158138442242617e+00 1.757521742277310395e+00
1.920636665159944689e+00 -7.632898288309803991e-01
2.690067442985574875e+00 2.179616966363666641e+00
3.497189345108818070e+00 5.134102187866380618e-01
3.873214726916437645e+00 1.908851122293522273e+00
5.121939274396218877e+00 -4.703363970212059986e-02
3.122308016478219539e+00 1.745124305893845484e+00
5.542147277582535558e+00 2.999842317111239165e+00
7.440154070016674837e+00 -8.045662692132307114e-01
4.494768602911852540e+00 -1.824824015888999451e+00
3.036370789473879839e+00 1.989283280183554048e+00
4.558509878554986017e+00 -3.685509019241626216e-01
2.731024778463575053e+00 5.564611473179530421e-01
3.995387484863399230e+00 -9.903595981466615239e-01
5.233993276609794520e+00 -1.422546200599968280e+00
2.483711578309641510e+00 1.507884608198401866e+00
3.538180502753299539e+00 -1.158497513930430989e+00
4.630226848524875649e+00 3.789034413593565631e+00
7.969755381038333475e+00 -1.594747433068174347e-01
3.655139788879329998e+00 2.323440423320250581e+00
1.264494661254307761e+00 7.313566939527269550e-01
5.981515199191068000e+00 -4.091654138726328327e-01
1.622851229710440712e+00 1.538551284475627279e+00
3.165201741142062097e+00 -5.437023933050555424e-01
3.444173244159823621e+00 2.572568136268553740e-01
2.091928560418230276e-01 -1.182234611290613024e+00
1.971655254024164527e+00 2.184258340051959291e+00
2.710198595649124798e+00 2.273571211225813293e+00
3.194235187419197430e+00 -1.636883297673086268e-01
3.339779823625092181e+00 2.112696401681332325e+00
2.884964808213487331e+00 7.470792881676453501e-01
1.871072647315194404e+00 -1.571603771751521883e-01
1.638270433004235915e+00 2.221633933142440842e+00
3.768456604375781005e+00 7.416547652450653505e-01
2.000204964096251370e+00 2.605750713771477933e+00
4.420686596034319571e+00 2.330962498562147101e+00
5.263476270159759274e+00 -5.899186810700602912e-01
3.355017357201045769e+00 4.034475302274411757e-01
5.854643196983944975e+00 1.466055467219604669e-01
3.690174306612838961e+00 1.056623024046337678e+00
1.191410602151532050e+00 -9.916039151983913058e-01
2.316963145428847959e+00 -4.714601641417899280e-01
4.758012334828292111e+00 -9.959635149311587554e-01
4.098996740428427543e+00 2.502804022608389634e+00
2.381221370431059192e+00 6.466829925056651884e-01
6.140778612327420838e+00 1.573004182485638669e+00
5.034186367446667809e+00 -9.234641123751752279e-02
3.886689883672250989e+00 9.707124292784253816e-01
2.901139899916750586e+00 -8.558533079892085560e-01
2.659922214619366176e+00 1.275282544022753761e+00
4.478600009783448854e+00 1.190732644310343646e+00
2.357355491569094408e+00 1.976001017272602134e+00
2.823608685216306036e+00 2.580094102734088679e+00
4.362393013066580671e+00 1.165711963984726207e+00
3.429332782902530408e+00 1.160845808221240283e+00
3.900856257404675009e+00 1.295044089667417575e+00
2.104193866379608924e+00 2.126792213123995801e+00
3.915824348486102835e+00 8.430535898581196230e-01
2.199053514697116629e+00 -5.399735142002044519e-01
3.756850271198434399e+00 7.543211357233692294e-01
1.980616609448110355e+00 1.400217413246933829e+00
3.642626881615810941e+00 2.396025271286485570e+00
1.995201196087907469e+00 1.852996501299732923e+00
2.260531223953520907e+00 3.145558955141957824e+00
4.708703557975976395e+00 4.700175332294664887e-01
2.889291644292116157e+00 -3.867405637803578156e-01
5.752523742153083930e+00 3.680678690774112027e+00
-3.740839241818569860e-01 2.528153983739494848e+00
2.072228135303338270e+00 1.778293964635378810e+00
3.309465253762699177e+00 -1.333231015377845941e-01
3.225833772350158668e+00 1.695122230327327673e+00
4.065466490829604318e+00 1.636656339730733656e+00
6.534386289651368251e-01 3.121690753671713114e+00
4.482333853222929321e+00 8.862669191180089223e-01
3.076081347218432072e+00 3.687545270856710466e+00
2.443627546260387362e+00 1.687913544199632021e+00
1.678181485820921637e+00 1.816230785561311789e+00
5.080793191792927210e-01 -3.986055838100801552e-01
4.444563153700125113e+00 1.580411564206158026e+00
4.397363971481731859e+00 2.159537131951720923e+00
1.873632039590241938e+00 1.715619707420957152e+00
5.233767416994633770e+00 2.127950212674932118e+00
3.700522648451994190e+00 -5.778223220819564965e-01
3.917384858051121910e+00 -5.058579935930500593e-01
4.397410541892528002e+00 -9.529735285552349833e-01
2.105057544930881264e+00 1.583350785922920112e-01
5.086478498036964169e+00 -1.298567399324234373e+00
1.593665765138359447e+00 4.530853501163584207e-01
4.414799877938477835e+00 4.698346950851544079e+00
2.475292938264248122e+00 1.746480328074165644e+00
2.056743000902826246e+00 -2.531930033939790547e+00
3.281705797100765931e+00 -1.639490565614743822e+00
4.528872209775973268e+00 1.947355168656622615e+00
2.601684181262700513e+00 3.362711901584694907e+00
1.647945419622625529e+00 3.889397470450287053e-01
1.090279156898743995e+00 6.018652818213854339e-01
2.834911946959302931e+00 9.032795667852705490e-01
9.340958955653304585e-01 2.947462959791816495e+00
5.079195604854152002e+00 1.143735128342571628e+00
2.171529092001739158e+00 1.561155330484079951e+00
2.223614788410704257e+00 2.161289896133517630e+00
3.676069387085574292e-01 9.051991686093190381e-01
2.895654952018230865e+00 1.513753421492471274e+00
2.630214397831556195e+00 -1.470805283135744546e+00
9.049526364032289827e-01 1.195911608869102416e+00
2.842074511268446013e+00 1.770611111204258847e+00
4.049427788652234739e+00 3.092816410106559832e+00
5.215867574543945118e+00 1.007267251055233181e+00
8.490506888432580723e-01 -7.038726474041041570e-01
4.957651895734141334e+00 1.860801152694233629e-01
1.630969820881418730e+00 -1.463514763138749064e-01
2.655258225324362620e+00 2.550472967442820593e+00
3.912651808021631261e+00 -1.142928338019345347e+00
5.315107036195255930e+00 -6.383595234620509373e-01
4.135838215221234293e+00 7.156968936134009418e-01
4.068454909829481991e+00 -9.728440708773207213e-01
3.121802642456079635e+00 5.490829078491178405e-01
3.947344209458318876e+00 1.858882076449889231e+00
5.909997533647062262e-01 9.335719764202465853e-02
3.938828613410904289e+00 -1.269709444207778759e+00
2.016217383650609651e+00 1.453578447810488949e+00
4.101210185241520811e+00 9.311871501229957993e-01
3.452440538874838705e+00 1.277687278967819307e+00
3.193167047367964084e+00 9.060827171392414892e-01
3.848147048015658545e+00 3.695653072981135989e-01
3.672121132318725056e+00 2.977177484790228146e+00
1.808737687101560354e-01 1.997923402077281807e+00
6.829642563778994813e-01 -8.897560949190075341e-01
5.787738677001248000e+00 2.367358486040638255e-02
3.620544536870784924e+00 1.503220721435076790e+00
4.257620819921395849e+00 -1.391907181974246122e+00
3.192412755677779490e+00 -1.679972932941165009e-01
3.990973672582954990e+00 1.038999968831572973e+00
5.247063739043053232e+00 1.660640839492977250e-02
3.757486747732314392e+00 -2.651610799320569534e-01
4.068853296191855762e+00 2.363575788247670229e+00
2.759390846527833840e+00 -2.050243858104905392e+00
3.685746489038301821e+00 -2.185906803378895535e+00
3.639626283373853077e+00 2.029021866098941196e-01
3.768221453581549696e+00 2.308164621448978160e+00
1.909854237275522282e+00 -1.797517865120967784e+00
3.484351119597221658e+00 3.655305988218207958e+00
1.628405891365197533e+00 -1.225838128652529946e+00
2.693870593481009212e+00 -4.936628211589422222e-01
3.598168066008470056e+00 9.286679890576734486e-01
1.422516906967375760e+00 3.777738193423027635e+00
1.707412350966605263e+00 6.320516737688918196e-01
3.363006016564591416e+00 1.629749976155256963e+00
2.417720586008171857e+00 -1.161555326035657032e-02
3.133292737281037965e+00 2.956721324763373016e+00
3.159120142999666481e+00 2.283914864652129673e+00
1.883779134847359149e+00 1.377829707693473793e+00
